
-------------------------------------------------------------------------------------------------

GAME #1

-------------------------------------------------------------------------------------------------

Safe spots left: 216

Game grid:

| | | | | | | | | | | | | | | | |
| | | | | | | | | | | | | | | | |
| | | | | | | | | | | | | | | | |
| | | | | | | | | | | | | | | | |
| | | | | | | | | | | | | | | | |
| | | | | | | | | | | | | | | | |
| | | | | | | | | | | | | | | | |
| | | | | | | | | | | | | | | | |
| | | | | | | | | | | | | | | | |
| | | | | | | | | | | | | | | | |
| | | | | | | | | | | | | | | | |
| | | | | | | | | | | | | | | | |
| | | | | | | | | | | | | | | | |
| | | | | | | | | | | | | | | | |
| | | | | | | | | | | | | | | | |
| | | | | | | | | | | | | | | | |


Mine distribution:

|0.156|0.156|0.156|0.156|0.156|0.156|0.156|0.156|0.156|0.156|0.156|0.156|0.156|0.156|0.156|0.156|
|0.156|0.156|0.156|0.156|0.156|0.156|0.156|0.156|0.156|0.156|0.156|0.156|0.156|0.156|0.156|0.156|
|0.156|0.156|0.156|0.156|0.156|0.156|0.156|0.156|0.156|0.156|0.156|0.156|0.156|0.156|0.156|0.156|
|0.156|0.156|0.156|0.156|0.156|0.156|0.156|0.156|0.156|0.156|0.156|0.156|0.156|0.156|0.156|0.156|
|0.156|0.156|0.156|0.156|0.156|0.156|0.156|0.156|0.156|0.156|0.156|0.156|0.156|0.156|0.156|0.156|
|0.156|0.156|0.156|0.156|0.156|0.156|0.156|0.156|0.156|0.156|0.156|0.156|0.156|0.156|0.156|0.156|
|0.156|0.156|0.156|0.156|0.156|0.156|0.156|0.156|0.156|0.156|0.156|0.156|0.156|0.156|0.156|0.156|
|0.156|0.156|0.156|0.156|0.156|0.156|0.156|0.156|0.156|0.156|0.156|0.156|0.156|0.156|0.156|0.156|
|0.156|0.156|0.156|0.156|0.156|0.156|0.156|0.156|0.156|0.156|0.156|0.156|0.156|0.156|0.156|0.156|
|0.156|0.156|0.156|0.156|0.156|0.156|0.156|0.156|0.156|0.156|0.156|0.156|0.156|0.156|0.156|0.156|
|0.156|0.156|0.156|0.156|0.156|0.156|0.156|0.156|0.156|0.156|0.156|0.156|0.156|0.156|0.156|0.156|
|0.156|0.156|0.156|0.156|0.156|0.156|0.156|0.156|0.156|0.156|0.156|0.156|0.156|0.156|0.156|0.156|
|0.156|0.156|0.156|0.156|0.156|0.156|0.156|0.156|0.156|0.156|0.156|0.156|0.156|0.156|0.156|0.156|
|0.156|0.156|0.156|0.156|0.156|0.156|0.156|0.156|0.156|0.156|0.156|0.156|0.156|0.156|0.156|0.156|
|0.156|0.156|0.156|0.156|0.156|0.156|0.156|0.156|0.156|0.156|0.156|0.156|0.156|0.156|0.156|0.156|
|0.156|0.156|0.156|0.156|0.156|0.156|0.156|0.156|0.156|0.156|0.156|0.156|0.156|0.156|0.156|0.156|

Moves = [(0, 0)]

-------------------------------------------------------------------------------------------------

Safe spots left: 215

Game grid:

|0| | | | | | | | | | | | | | | |
| | | | | | | | | | | | | | | | |
| | | | | | | | | | | | | | | | |
| | | | | | | | | | | | | | | | |
| | | | | | | | | | | | | | | | |
| | | | | | | | | | | | | | | | |
| | | | | | | | | | | | | | | | |
| | | | | | | | | | | | | | | | |
| | | | | | | | | | | | | | | | |
| | | | | | | | | | | | | | | | |
| | | | | | | | | | | | | | | | |
| | | | | | | | | | | | | | | | |
| | | | | | | | | | | | | | | | |
| | | | | | | | | | | | | | | | |
| | | | | | | | | | | | | | | | |
| | | | | | | | | | | | | | | | |


Mine distribution:

|0.000|0.000|0.158|0.158|0.158|0.158|0.158|0.158|0.158|0.158|0.158|0.158|0.158|0.158|0.158|0.158|
|0.000|0.000|0.158|0.158|0.158|0.158|0.158|0.158|0.158|0.158|0.158|0.158|0.158|0.158|0.158|0.158|
|0.158|0.158|0.158|0.158|0.158|0.158|0.158|0.158|0.158|0.158|0.158|0.158|0.158|0.158|0.158|0.158|
|0.158|0.158|0.158|0.158|0.158|0.158|0.158|0.158|0.158|0.158|0.158|0.158|0.158|0.158|0.158|0.158|
|0.158|0.158|0.158|0.158|0.158|0.158|0.158|0.158|0.158|0.158|0.158|0.158|0.158|0.158|0.158|0.158|
|0.158|0.158|0.158|0.158|0.158|0.158|0.158|0.158|0.158|0.158|0.158|0.158|0.158|0.158|0.158|0.158|
|0.158|0.158|0.158|0.158|0.158|0.158|0.158|0.158|0.158|0.158|0.158|0.158|0.158|0.158|0.158|0.158|
|0.158|0.158|0.158|0.158|0.158|0.158|0.158|0.158|0.158|0.158|0.158|0.158|0.158|0.158|0.158|0.158|
|0.158|0.158|0.158|0.158|0.158|0.158|0.158|0.158|0.158|0.158|0.158|0.158|0.158|0.158|0.158|0.158|
|0.158|0.158|0.158|0.158|0.158|0.158|0.158|0.158|0.158|0.158|0.158|0.158|0.158|0.158|0.158|0.158|
|0.158|0.158|0.158|0.158|0.158|0.158|0.158|0.158|0.158|0.158|0.158|0.158|0.158|0.158|0.158|0.158|
|0.158|0.158|0.158|0.158|0.158|0.158|0.158|0.158|0.158|0.158|0.158|0.158|0.158|0.158|0.158|0.158|
|0.158|0.158|0.158|0.158|0.158|0.158|0.158|0.158|0.158|0.158|0.158|0.158|0.158|0.158|0.158|0.158|
|0.158|0.158|0.158|0.158|0.158|0.158|0.158|0.158|0.158|0.158|0.158|0.158|0.158|0.158|0.158|0.158|
|0.158|0.158|0.158|0.158|0.158|0.158|0.158|0.158|0.158|0.158|0.158|0.158|0.158|0.158|0.158|0.158|
|0.158|0.158|0.158|0.158|0.158|0.158|0.158|0.158|0.158|0.158|0.158|0.158|0.158|0.158|0.158|0.158|

Moves = [(0, 1), (1, 0), (1, 1)]

-------------------------------------------------------------------------------------------------

Safe spots left: 212

Game grid:

|0|0| | | | | | | | | | | | | | |
|0|0| | | | | | | | | | | | | | |
| | | | | | | | | | | | | | | | |
| | | | | | | | | | | | | | | | |
| | | | | | | | | | | | | | | | |
| | | | | | | | | | | | | | | | |
| | | | | | | | | | | | | | | | |
| | | | | | | | | | | | | | | | |
| | | | | | | | | | | | | | | | |
| | | | | | | | | | | | | | | | |
| | | | | | | | | | | | | | | | |
| | | | | | | | | | | | | | | | |
| | | | | | | | | | | | | | | | |
| | | | | | | | | | | | | | | | |
| | | | | | | | | | | | | | | | |
| | | | | | | | | | | | | | | | |


Mine distribution:

|0.000|0.000|0.000|0.162|0.162|0.162|0.162|0.162|0.162|0.162|0.162|0.162|0.162|0.162|0.162|0.162|
|0.000|0.000|0.000|0.162|0.162|0.162|0.162|0.162|0.162|0.162|0.162|0.162|0.162|0.162|0.162|0.162|
|0.000|0.000|0.000|0.162|0.162|0.162|0.162|0.162|0.162|0.162|0.162|0.162|0.162|0.162|0.162|0.162|
|0.162|0.162|0.162|0.162|0.162|0.162|0.162|0.162|0.162|0.162|0.162|0.162|0.162|0.162|0.162|0.162|
|0.162|0.162|0.162|0.162|0.162|0.162|0.162|0.162|0.162|0.162|0.162|0.162|0.162|0.162|0.162|0.162|
|0.162|0.162|0.162|0.162|0.162|0.162|0.162|0.162|0.162|0.162|0.162|0.162|0.162|0.162|0.162|0.162|
|0.162|0.162|0.162|0.162|0.162|0.162|0.162|0.162|0.162|0.162|0.162|0.162|0.162|0.162|0.162|0.162|
|0.162|0.162|0.162|0.162|0.162|0.162|0.162|0.162|0.162|0.162|0.162|0.162|0.162|0.162|0.162|0.162|
|0.162|0.162|0.162|0.162|0.162|0.162|0.162|0.162|0.162|0.162|0.162|0.162|0.162|0.162|0.162|0.162|
|0.162|0.162|0.162|0.162|0.162|0.162|0.162|0.162|0.162|0.162|0.162|0.162|0.162|0.162|0.162|0.162|
|0.162|0.162|0.162|0.162|0.162|0.162|0.162|0.162|0.162|0.162|0.162|0.162|0.162|0.162|0.162|0.162|
|0.162|0.162|0.162|0.162|0.162|0.162|0.162|0.162|0.162|0.162|0.162|0.162|0.162|0.162|0.162|0.162|
|0.162|0.162|0.162|0.162|0.162|0.162|0.162|0.162|0.162|0.162|0.162|0.162|0.162|0.162|0.162|0.162|
|0.162|0.162|0.162|0.162|0.162|0.162|0.162|0.162|0.162|0.162|0.162|0.162|0.162|0.162|0.162|0.162|
|0.162|0.162|0.162|0.162|0.162|0.162|0.162|0.162|0.162|0.162|0.162|0.162|0.162|0.162|0.162|0.162|
|0.162|0.162|0.162|0.162|0.162|0.162|0.162|0.162|0.162|0.162|0.162|0.162|0.162|0.162|0.162|0.162|

Moves = [(0, 2), (1, 2), (2, 0), (2, 1), (2, 2)]

-------------------------------------------------------------------------------------------------

Safe spots left: 207

Game grid:

|0|0|0| | | | | | | | | | | | | |
|0|0|0| | | | | | | | | | | | | |
|0|0|0| | | | | | | | | | | | | |
| | | | | | | | | | | | | | | | |
| | | | | | | | | | | | | | | | |
| | | | | | | | | | | | | | | | |
| | | | | | | | | | | | | | | | |
| | | | | | | | | | | | | | | | |
| | | | | | | | | | | | | | | | |
| | | | | | | | | | | | | | | | |
| | | | | | | | | | | | | | | | |
| | | | | | | | | | | | | | | | |
| | | | | | | | | | | | | | | | |
| | | | | | | | | | | | | | | | |
| | | | | | | | | | | | | | | | |
| | | | | | | | | | | | | | | | |


Mine distribution:

|0.000|0.000|0.000|0.000|0.167|0.167|0.167|0.167|0.167|0.167|0.167|0.167|0.167|0.167|0.167|0.167|
|0.000|0.000|0.000|0.000|0.167|0.167|0.167|0.167|0.167|0.167|0.167|0.167|0.167|0.167|0.167|0.167|
|0.000|0.000|0.000|0.000|0.167|0.167|0.167|0.167|0.167|0.167|0.167|0.167|0.167|0.167|0.167|0.167|
|0.000|0.000|0.000|0.000|0.167|0.167|0.167|0.167|0.167|0.167|0.167|0.167|0.167|0.167|0.167|0.167|
|0.167|0.167|0.167|0.167|0.167|0.167|0.167|0.167|0.167|0.167|0.167|0.167|0.167|0.167|0.167|0.167|
|0.167|0.167|0.167|0.167|0.167|0.167|0.167|0.167|0.167|0.167|0.167|0.167|0.167|0.167|0.167|0.167|
|0.167|0.167|0.167|0.167|0.167|0.167|0.167|0.167|0.167|0.167|0.167|0.167|0.167|0.167|0.167|0.167|
|0.167|0.167|0.167|0.167|0.167|0.167|0.167|0.167|0.167|0.167|0.167|0.167|0.167|0.167|0.167|0.167|
|0.167|0.167|0.167|0.167|0.167|0.167|0.167|0.167|0.167|0.167|0.167|0.167|0.167|0.167|0.167|0.167|
|0.167|0.167|0.167|0.167|0.167|0.167|0.167|0.167|0.167|0.167|0.167|0.167|0.167|0.167|0.167|0.167|
|0.167|0.167|0.167|0.167|0.167|0.167|0.167|0.167|0.167|0.167|0.167|0.167|0.167|0.167|0.167|0.167|
|0.167|0.167|0.167|0.167|0.167|0.167|0.167|0.167|0.167|0.167|0.167|0.167|0.167|0.167|0.167|0.167|
|0.167|0.167|0.167|0.167|0.167|0.167|0.167|0.167|0.167|0.167|0.167|0.167|0.167|0.167|0.167|0.167|
|0.167|0.167|0.167|0.167|0.167|0.167|0.167|0.167|0.167|0.167|0.167|0.167|0.167|0.167|0.167|0.167|
|0.167|0.167|0.167|0.167|0.167|0.167|0.167|0.167|0.167|0.167|0.167|0.167|0.167|0.167|0.167|0.167|
|0.167|0.167|0.167|0.167|0.167|0.167|0.167|0.167|0.167|0.167|0.167|0.167|0.167|0.167|0.167|0.167|

Moves = [(0, 3), (1, 3), (2, 3), (3, 0), (3, 1), (3, 2), (3, 3)]

-------------------------------------------------------------------------------------------------

Safe spots left: 200

Game grid:

|0|0|0|0| | | | | | | | | | | | |
|0|0|0|0| | | | | | | | | | | | |
|0|0|0|0| | | | | | | | | | | | |
|0|0|0|0| | | | | | | | | | | | |
| | | | | | | | | | | | | | | | |
| | | | | | | | | | | | | | | | |
| | | | | | | | | | | | | | | | |
| | | | | | | | | | | | | | | | |
| | | | | | | | | | | | | | | | |
| | | | | | | | | | | | | | | | |
| | | | | | | | | | | | | | | | |
| | | | | | | | | | | | | | | | |
| | | | | | | | | | | | | | | | |
| | | | | | | | | | | | | | | | |
| | | | | | | | | | | | | | | | |
| | | | | | | | | | | | | | | | |


Mine distribution:

|0.000|0.000|0.000|0.000|0.000|0.173|0.173|0.173|0.173|0.173|0.173|0.173|0.173|0.173|0.173|0.173|
|0.000|0.000|0.000|0.000|0.000|0.173|0.173|0.173|0.173|0.173|0.173|0.173|0.173|0.173|0.173|0.173|
|0.000|0.000|0.000|0.000|0.000|0.173|0.173|0.173|0.173|0.173|0.173|0.173|0.173|0.173|0.173|0.173|
|0.000|0.000|0.000|0.000|0.000|0.173|0.173|0.173|0.173|0.173|0.173|0.173|0.173|0.173|0.173|0.173|
|0.000|0.000|0.000|0.000|0.000|0.173|0.173|0.173|0.173|0.173|0.173|0.173|0.173|0.173|0.173|0.173|
|0.173|0.173|0.173|0.173|0.173|0.173|0.173|0.173|0.173|0.173|0.173|0.173|0.173|0.173|0.173|0.173|
|0.173|0.173|0.173|0.173|0.173|0.173|0.173|0.173|0.173|0.173|0.173|0.173|0.173|0.173|0.173|0.173|
|0.173|0.173|0.173|0.173|0.173|0.173|0.173|0.173|0.173|0.173|0.173|0.173|0.173|0.173|0.173|0.173|
|0.173|0.173|0.173|0.173|0.173|0.173|0.173|0.173|0.173|0.173|0.173|0.173|0.173|0.173|0.173|0.173|
|0.173|0.173|0.173|0.173|0.173|0.173|0.173|0.173|0.173|0.173|0.173|0.173|0.173|0.173|0.173|0.173|
|0.173|0.173|0.173|0.173|0.173|0.173|0.173|0.173|0.173|0.173|0.173|0.173|0.173|0.173|0.173|0.173|
|0.173|0.173|0.173|0.173|0.173|0.173|0.173|0.173|0.173|0.173|0.173|0.173|0.173|0.173|0.173|0.173|
|0.173|0.173|0.173|0.173|0.173|0.173|0.173|0.173|0.173|0.173|0.173|0.173|0.173|0.173|0.173|0.173|
|0.173|0.173|0.173|0.173|0.173|0.173|0.173|0.173|0.173|0.173|0.173|0.173|0.173|0.173|0.173|0.173|
|0.173|0.173|0.173|0.173|0.173|0.173|0.173|0.173|0.173|0.173|0.173|0.173|0.173|0.173|0.173|0.173|
|0.173|0.173|0.173|0.173|0.173|0.173|0.173|0.173|0.173|0.173|0.173|0.173|0.173|0.173|0.173|0.173|

Moves = [(0, 4), (1, 4), (2, 4), (3, 4), (4, 0), (4, 1), (4, 2), (4, 3), (4, 4)]

-------------------------------------------------------------------------------------------------

Safe spots left: 191

Game grid:

|0|0|0|0|1| | | | | | | | | | | |
|0|0|0|0|2| | | | | | | | | | | |
|0|0|0|0|1| | | | | | | | | | | |
|0|0|0|0|1| | | | | | | | | | | |
|0|0|1|1|1| | | | | | | | | | | |
| | | | | | | | | | | | | | | | |
| | | | | | | | | | | | | | | | |
| | | | | | | | | | | | | | | | |
| | | | | | | | | | | | | | | | |
| | | | | | | | | | | | | | | | |
| | | | | | | | | | | | | | | | |
| | | | | | | | | | | | | | | | |
| | | | | | | | | | | | | | | | |
| | | | | | | | | | | | | | | | |
| | | | | | | | | | | | | | | | |
| | | | | | | | | | | | | | | | |


Mine distribution:

|0.000|0.000|0.000|0.000|0.000|1.000|0.168|0.168|0.168|0.168|0.168|0.168|0.168|0.168|0.168|0.168|
|0.000|0.000|0.000|0.000|0.000|0.000|0.168|0.168|0.168|0.168|0.168|0.168|0.168|0.168|0.168|0.168|
|0.000|0.000|0.000|0.000|0.000|1.000|0.168|0.168|0.168|0.168|0.168|0.168|0.168|0.168|0.168|0.168|
|0.000|0.000|0.000|0.000|0.000|0.000|0.168|0.168|0.168|0.168|0.168|0.168|0.168|0.168|0.168|0.168|
|0.000|0.000|0.000|0.000|0.000|0.000|0.168|0.168|0.168|0.168|0.168|0.168|0.168|0.168|0.168|0.168|
|0.000|0.000|0.000|1.000|0.000|0.000|0.168|0.168|0.168|0.168|0.168|0.168|0.168|0.168|0.168|0.168|
|0.168|0.168|0.168|0.168|0.168|0.168|0.168|0.168|0.168|0.168|0.168|0.168|0.168|0.168|0.168|0.168|
|0.168|0.168|0.168|0.168|0.168|0.168|0.168|0.168|0.168|0.168|0.168|0.168|0.168|0.168|0.168|0.168|
|0.168|0.168|0.168|0.168|0.168|0.168|0.168|0.168|0.168|0.168|0.168|0.168|0.168|0.168|0.168|0.168|
|0.168|0.168|0.168|0.168|0.168|0.168|0.168|0.168|0.168|0.168|0.168|0.168|0.168|0.168|0.168|0.168|
|0.168|0.168|0.168|0.168|0.168|0.168|0.168|0.168|0.168|0.168|0.168|0.168|0.168|0.168|0.168|0.168|
|0.168|0.168|0.168|0.168|0.168|0.168|0.168|0.168|0.168|0.168|0.168|0.168|0.168|0.168|0.168|0.168|
|0.168|0.168|0.168|0.168|0.168|0.168|0.168|0.168|0.168|0.168|0.168|0.168|0.168|0.168|0.168|0.168|
|0.168|0.168|0.168|0.168|0.168|0.168|0.168|0.168|0.168|0.168|0.168|0.168|0.168|0.168|0.168|0.168|
|0.168|0.168|0.168|0.168|0.168|0.168|0.168|0.168|0.168|0.168|0.168|0.168|0.168|0.168|0.168|0.168|
|0.168|0.168|0.168|0.168|0.168|0.168|0.168|0.168|0.168|0.168|0.168|0.168|0.168|0.168|0.168|0.168|

Moves = [(1, 5), (3, 5), (4, 5), (5, 0), (5, 1), (5, 2), (5, 4), (5, 5)]

-------------------------------------------------------------------------------------------------

Safe spots left: 183

Game grid:

|0|0|0|0|1| | | | | | | | | | | |
|0|0|0|0|2|3| | | | | | | | | | |
|0|0|0|0|1| | | | | | | | | | | |
|0|0|0|0|1|1| | | | | | | | | | |
|0|0|1|1|1|0| | | | | | | | | | |
|1|1|2| |2|1| | | | | | | | | | |
| | | | | | | | | | | | | | | | |
| | | | | | | | | | | | | | | | |
| | | | | | | | | | | | | | | | |
| | | | | | | | | | | | | | | | |
| | | | | | | | | | | | | | | | |
| | | | | | | | | | | | | | | | |
| | | | | | | | | | | | | | | | |
| | | | | | | | | | | | | | | | |
| | | | | | | | | | | | | | | | |
| | | | | | | | | | | | | | | | |


Mine distribution:

|0.000|0.000|0.000|0.000|0.000|1.000|0.500|0.164|0.164|0.164|0.164|0.164|0.164|0.164|0.164|0.164|
|0.000|0.000|0.000|0.000|0.000|0.000|0.500|0.164|0.164|0.164|0.164|0.164|0.164|0.164|0.164|0.164|
|0.000|0.000|0.000|0.000|0.000|1.000|0.000|0.164|0.164|0.164|0.164|0.164|0.164|0.164|0.164|0.164|
|0.000|0.000|0.000|0.000|0.000|0.000|0.000|0.164|0.164|0.164|0.164|0.164|0.164|0.164|0.164|0.164|
|0.000|0.000|0.000|0.000|0.000|0.000|0.000|0.164|0.164|0.164|0.164|0.164|0.164|0.164|0.164|0.164|
|0.000|0.000|0.000|1.000|0.000|0.000|0.000|0.164|0.164|0.164|0.164|0.164|0.164|0.164|0.164|0.164|
|0.089|0.911|0.000|0.089|0.455|0.455|0.089|0.164|0.164|0.164|0.164|0.164|0.164|0.164|0.164|0.164|
|0.164|0.164|0.164|0.164|0.164|0.164|0.164|0.164|0.164|0.164|0.164|0.164|0.164|0.164|0.164|0.164|
|0.164|0.164|0.164|0.164|0.164|0.164|0.164|0.164|0.164|0.164|0.164|0.164|0.164|0.164|0.164|0.164|
|0.164|0.164|0.164|0.164|0.164|0.164|0.164|0.164|0.164|0.164|0.164|0.164|0.164|0.164|0.164|0.164|
|0.164|0.164|0.164|0.164|0.164|0.164|0.164|0.164|0.164|0.164|0.164|0.164|0.164|0.164|0.164|0.164|
|0.164|0.164|0.164|0.164|0.164|0.164|0.164|0.164|0.164|0.164|0.164|0.164|0.164|0.164|0.164|0.164|
|0.164|0.164|0.164|0.164|0.164|0.164|0.164|0.164|0.164|0.164|0.164|0.164|0.164|0.164|0.164|0.164|
|0.164|0.164|0.164|0.164|0.164|0.164|0.164|0.164|0.164|0.164|0.164|0.164|0.164|0.164|0.164|0.164|
|0.164|0.164|0.164|0.164|0.164|0.164|0.164|0.164|0.164|0.164|0.164|0.164|0.164|0.164|0.164|0.164|
|0.164|0.164|0.164|0.164|0.164|0.164|0.164|0.164|0.164|0.164|0.164|0.164|0.164|0.164|0.164|0.164|

Moves = [(2, 6), (3, 6), (4, 6), (5, 6), (6, 2)]

-------------------------------------------------------------------------------------------------

Safe spots left: 178

Game grid:

|0|0|0|0|1| | | | | | | | | | | |
|0|0|0|0|2|3| | | | | | | | | | |
|0|0|0|0|1| |3| | | | | | | | | |
|0|0|0|0|1|1|2| | | | | | | | | |
|0|0|1|1|1|0|1| | | | | | | | | |
|1|1|2| |2|1|1| | | | | | | | | |
| | |2| | | | | | | | | | | | | |
| | | | | | | | | | | | | | | | |
| | | | | | | | | | | | | | | | |
| | | | | | | | | | | | | | | | |
| | | | | | | | | | | | | | | | |
| | | | | | | | | | | | | | | | |
| | | | | | | | | | | | | | | | |
| | | | | | | | | | | | | | | | |
| | | | | | | | | | | | | | | | |
| | | | | | | | | | | | | | | | |


Mine distribution:

|0.000|0.000|0.000|0.000|0.000|1.000|0.148|0.164|0.164|0.164|0.164|0.164|0.164|0.164|0.164|0.164|
|0.000|0.000|0.000|0.000|0.000|0.000|0.852|0.243|0.164|0.164|0.164|0.164|0.164|0.164|0.164|0.164|
|0.000|0.000|0.000|0.000|0.000|1.000|0.000|0.112|0.164|0.164|0.164|0.164|0.164|0.164|0.164|0.164|
|0.000|0.000|0.000|0.000|0.000|0.000|0.000|0.793|0.164|0.164|0.164|0.164|0.164|0.164|0.164|0.164|
|0.000|0.000|0.000|0.000|0.000|0.000|0.000|0.094|0.164|0.164|0.164|0.164|0.164|0.164|0.164|0.164|
|0.000|0.000|0.000|1.000|0.000|0.000|0.000|0.112|0.164|0.164|0.164|0.164|0.164|0.164|0.164|0.164|
|0.112|0.888|0.000|0.112|0.319|0.569|0.112|0.112|0.164|0.164|0.164|0.164|0.164|0.164|0.164|0.164|
|0.164|0.000|0.000|0.000|0.164|0.164|0.164|0.164|0.164|0.164|0.164|0.164|0.164|0.164|0.164|0.164|
|0.164|0.164|0.164|0.164|0.164|0.164|0.164|0.164|0.164|0.164|0.164|0.164|0.164|0.164|0.164|0.164|
|0.164|0.164|0.164|0.164|0.164|0.164|0.164|0.164|0.164|0.164|0.164|0.164|0.164|0.164|0.164|0.164|
|0.164|0.164|0.164|0.164|0.164|0.164|0.164|0.164|0.164|0.164|0.164|0.164|0.164|0.164|0.164|0.164|
|0.164|0.164|0.164|0.164|0.164|0.164|0.164|0.164|0.164|0.164|0.164|0.164|0.164|0.164|0.164|0.164|
|0.164|0.164|0.164|0.164|0.164|0.164|0.164|0.164|0.164|0.164|0.164|0.164|0.164|0.164|0.164|0.164|
|0.164|0.164|0.164|0.164|0.164|0.164|0.164|0.164|0.164|0.164|0.164|0.164|0.164|0.164|0.164|0.164|
|0.164|0.164|0.164|0.164|0.164|0.164|0.164|0.164|0.164|0.164|0.164|0.164|0.164|0.164|0.164|0.164|
|0.164|0.164|0.164|0.164|0.164|0.164|0.164|0.164|0.164|0.164|0.164|0.164|0.164|0.164|0.164|0.164|

Moves = [(7, 1), (7, 2), (7, 3)]

-------------------------------------------------------------------------------------------------

Safe spots left: 175

Game grid:

|0|0|0|0|1| | | | | | | | | | | |
|0|0|0|0|2|3| | | | | | | | | | |
|0|0|0|0|1| |3| | | | | | | | | |
|0|0|0|0|1|1|2| | | | | | | | | |
|0|0|1|1|1|0|1| | | | | | | | | |
|1|1|2| |2|1|1| | | | | | | | | |
| | |2| | | | | | | | | | | | | |
| |1|1|0| | | | | | | | | | | | |
| | | | | | | | | | | | | | | | |
| | | | | | | | | | | | | | | | |
| | | | | | | | | | | | | | | | |
| | | | | | | | | | | | | | | | |
| | | | | | | | | | | | | | | | |
| | | | | | | | | | | | | | | | |
| | | | | | | | | | | | | | | | |
| | | | | | | | | | | | | | | | |


Mine distribution:

|0.000|0.000|0.000|0.000|0.000|1.000|0.172|0.172|0.172|0.172|0.172|0.172|0.172|0.172|0.172|0.172|
|0.000|0.000|0.000|0.000|0.000|0.000|0.828|0.172|0.172|0.172|0.172|0.172|0.172|0.172|0.172|0.172|
|0.000|0.000|0.000|0.000|0.000|1.000|0.000|0.000|0.172|0.172|0.172|0.172|0.172|0.172|0.172|0.172|
|0.000|0.000|0.000|0.000|0.000|0.000|0.000|1.000|0.172|0.172|0.172|0.172|0.172|0.172|0.172|0.172|
|0.000|0.000|0.000|0.000|0.000|0.000|0.000|0.000|0.172|0.172|0.172|0.172|0.172|0.172|0.172|0.172|
|0.000|0.000|0.000|1.000|0.000|0.000|0.000|0.000|0.172|0.172|0.172|0.172|0.172|0.172|0.172|0.172|
|0.000|1.000|0.000|0.000|0.000|1.000|0.000|0.000|0.172|0.172|0.172|0.172|0.172|0.172|0.172|0.172|
|0.000|0.000|0.000|0.000|0.000|0.172|0.172|0.172|0.172|0.172|0.172|0.172|0.172|0.172|0.172|0.172|
|0.000|0.000|0.000|0.000|0.000|0.172|0.172|0.172|0.172|0.172|0.172|0.172|0.172|0.172|0.172|0.172|
|0.172|0.172|0.172|0.172|0.172|0.172|0.172|0.172|0.172|0.172|0.172|0.172|0.172|0.172|0.172|0.172|
|0.172|0.172|0.172|0.172|0.172|0.172|0.172|0.172|0.172|0.172|0.172|0.172|0.172|0.172|0.172|0.172|
|0.172|0.172|0.172|0.172|0.172|0.172|0.172|0.172|0.172|0.172|0.172|0.172|0.172|0.172|0.172|0.172|
|0.172|0.172|0.172|0.172|0.172|0.172|0.172|0.172|0.172|0.172|0.172|0.172|0.172|0.172|0.172|0.172|
|0.172|0.172|0.172|0.172|0.172|0.172|0.172|0.172|0.172|0.172|0.172|0.172|0.172|0.172|0.172|0.172|
|0.172|0.172|0.172|0.172|0.172|0.172|0.172|0.172|0.172|0.172|0.172|0.172|0.172|0.172|0.172|0.172|
|0.172|0.172|0.172|0.172|0.172|0.172|0.172|0.172|0.172|0.172|0.172|0.172|0.172|0.172|0.172|0.172|

Moves = [(2, 7), (4, 7), (5, 7), (6, 0), (6, 3), (6, 4), (6, 6), (6, 7), (7, 0), (7, 4), (8, 0), (8, 1), (8, 2), (8, 3), (8, 4)]

-------------------------------------------------------------------------------------------------

Safe spots left: 160

Game grid:

|0|0|0|0|1| | | | | | | | | | | |
|0|0|0|0|2|3| | | | | | | | | | |
|0|0|0|0|1| |3|2| | | | | | | | |
|0|0|0|0|1|1|2| | | | | | | | | |
|0|0|1|1|1|0|1|1| | | | | | | | |
|1|1|2| |2|1|1|0| | | | | | | | |
|1| |2|1|2| |2|1| | | | | | | | |
|1|1|1|0|1| | | | | | | | | | | |
|1|1|1|0|1| | | | | | | | | | | |
| | | | | | | | | | | | | | | | |
| | | | | | | | | | | | | | | | |
| | | | | | | | | | | | | | | | |
| | | | | | | | | | | | | | | | |
| | | | | | | | | | | | | | | | |
| | | | | | | | | | | | | | | | |
| | | | | | | | | | | | | | | | |


Mine distribution:

|0.000|0.000|0.000|0.000|0.000|1.000|0.171|0.171|0.171|0.171|0.171|0.171|0.171|0.171|0.171|0.171|
|0.000|0.000|0.000|0.000|0.000|0.000|0.829|0.171|0.000|0.171|0.171|0.171|0.171|0.171|0.171|0.171|
|0.000|0.000|0.000|0.000|0.000|1.000|0.000|0.000|0.000|0.171|0.171|0.171|0.171|0.171|0.171|0.171|
|0.000|0.000|0.000|0.000|0.000|0.000|0.000|1.000|0.000|0.171|0.171|0.171|0.171|0.171|0.171|0.171|
|0.000|0.000|0.000|0.000|0.000|0.000|0.000|0.000|0.000|0.171|0.171|0.171|0.171|0.171|0.171|0.171|
|0.000|0.000|0.000|1.000|0.000|0.000|0.000|0.000|0.000|0.171|0.171|0.171|0.171|0.171|0.171|0.171|
|0.000|1.000|0.000|0.000|0.000|1.000|0.000|0.000|0.000|0.171|0.171|0.171|0.171|0.171|0.171|0.171|
|0.000|0.000|0.000|0.000|0.000|0.000|0.500|0.500|0.000|0.171|0.171|0.171|0.171|0.171|0.171|0.171|
|0.000|0.000|0.000|0.000|0.000|0.000|0.171|0.171|0.171|0.171|0.171|0.171|0.171|0.171|0.171|0.171|
|0.000|1.000|0.000|0.000|0.000|1.000|0.171|0.171|0.171|0.171|0.171|0.171|0.171|0.171|0.171|0.171|
|0.171|0.171|0.171|0.171|0.171|0.171|0.171|0.171|0.171|0.171|0.171|0.171|0.171|0.171|0.171|0.171|
|0.171|0.171|0.171|0.171|0.171|0.171|0.171|0.171|0.171|0.171|0.171|0.171|0.171|0.171|0.171|0.171|
|0.171|0.171|0.171|0.171|0.171|0.171|0.171|0.171|0.171|0.171|0.171|0.171|0.171|0.171|0.171|0.171|
|0.171|0.171|0.171|0.171|0.171|0.171|0.171|0.171|0.171|0.171|0.171|0.171|0.171|0.171|0.171|0.171|
|0.171|0.171|0.171|0.171|0.171|0.171|0.171|0.171|0.171|0.171|0.171|0.171|0.171|0.171|0.171|0.171|
|0.171|0.171|0.171|0.171|0.171|0.171|0.171|0.171|0.171|0.171|0.171|0.171|0.171|0.171|0.171|0.171|

Moves = [(1, 8), (2, 8), (3, 8), (4, 8), (5, 8), (6, 8), (7, 5), (7, 8), (8, 5), (9, 0), (9, 2), (9, 3), (9, 4)]

-------------------------------------------------------------------------------------------------

Safe spots left: 147

Game grid:

|0|0|0|0|1| | | | | | | | | | | |
|0|0|0|0|2|3| | |1| | | | | | | |
|0|0|0|0|1| |3|2|1| | | | | | | |
|0|0|0|0|1|1|2| |2| | | | | | | |
|0|0|1|1|1|0|1|1|2| | | | | | | |
|1|1|2| |2|1|1|0|1| | | | | | | |
|1| |2|1|2| |2|1|0| | | | | | | |
|1|1|1|0|1|2| | |1| | | | | | | |
|1|1|1|0|1|3| | | | | | | | | | |
|1| |1|0|1| | | | | | | | | | | |
| | | | | | | | | | | | | | | | |
| | | | | | | | | | | | | | | | |
| | | | | | | | | | | | | | | | |
| | | | | | | | | | | | | | | | |
| | | | | | | | | | | | | | | | |
| | | | | | | | | | | | | | | | |


Mine distribution:

|0.000|0.000|0.000|0.000|0.000|1.000|0.000|0.333|0.333|0.333|0.170|0.170|0.170|0.170|0.170|0.170|
|0.000|0.000|0.000|0.000|0.000|0.000|1.000|0.000|0.000|0.000|0.170|0.170|0.170|0.170|0.170|0.170|
|0.000|0.000|0.000|0.000|0.000|1.000|0.000|0.000|0.000|0.000|0.170|0.170|0.170|0.170|0.170|0.170|
|0.000|0.000|0.000|0.000|0.000|0.000|0.000|1.000|0.000|0.000|0.170|0.170|0.170|0.170|0.170|0.170|
|0.000|0.000|0.000|0.000|0.000|0.000|0.000|0.000|0.000|1.000|0.170|0.170|0.170|0.170|0.170|0.170|
|0.000|0.000|0.000|1.000|0.000|0.000|0.000|0.000|0.000|0.000|0.170|0.170|0.170|0.170|0.170|0.170|
|0.000|1.000|0.000|0.000|0.000|1.000|0.000|0.000|0.000|0.000|0.170|0.170|0.170|0.170|0.170|0.170|
|0.000|0.000|0.000|0.000|0.000|0.000|1.000|0.000|0.000|0.000|0.170|0.170|0.170|0.170|0.170|0.170|
|0.000|0.000|0.000|0.000|0.000|0.000|0.000|0.333|0.333|0.333|0.170|0.170|0.170|0.170|0.170|0.170|
|0.000|1.000|0.000|0.000|0.000|1.000|1.000|0.170|0.170|0.170|0.170|0.170|0.170|0.170|0.170|0.170|
|0.000|0.000|0.000|0.000|0.000|0.000|0.170|0.170|0.170|0.170|0.170|0.170|0.170|0.170|0.170|0.170|
|0.170|0.170|0.170|0.170|0.170|0.170|0.170|0.170|0.170|0.170|0.170|0.170|0.170|0.170|0.170|0.170|
|0.170|0.170|0.170|0.170|0.170|0.170|0.170|0.170|0.170|0.170|0.170|0.170|0.170|0.170|0.170|0.170|
|0.170|0.170|0.170|0.170|0.170|0.170|0.170|0.170|0.170|0.170|0.170|0.170|0.170|0.170|0.170|0.170|
|0.170|0.170|0.170|0.170|0.170|0.170|0.170|0.170|0.170|0.170|0.170|0.170|0.170|0.170|0.170|0.170|
|0.170|0.170|0.170|0.170|0.170|0.170|0.170|0.170|0.170|0.170|0.170|0.170|0.170|0.170|0.170|0.170|

Moves = [(0, 6), (1, 7), (1, 9), (2, 9), (3, 9), (5, 9), (6, 9), (7, 7), (7, 9), (8, 6), (10, 0), (10, 1), (10, 2), (10, 3), (10, 4), (10, 5)]

-------------------------------------------------------------------------------------------------

Safe spots left: 131

Game grid:

|0|0|0|0|1| |2| | | | | | | | | |
|0|0|0|0|2|3| |2|1|1| | | | | | |
|0|0|0|0|1| |3|2|1|0| | | | | | |
|0|0|0|0|1|1|2| |2|1| | | | | | |
|0|0|1|1|1|0|1|1|2| | | | | | | |
|1|1|2| |2|1|1|0|1|1| | | | | | |
|1| |2|1|2| |2|1|0|0| | | | | | |
|1|1|1|0|1|2| |2|1|1| | | | | | |
|1|1|1|0|1|3|4| | | | | | | | | |
|1| |1|0|1| | | | | | | | | | | |
|1|1|1|0|1|2| | | | | | | | | | |
| | | | | | | | | | | | | | | | |
| | | | | | | | | | | | | | | | |
| | | | | | | | | | | | | | | | |
| | | | | | | | | | | | | | | | |
| | | | | | | | | | | | | | | | |


Mine distribution:

|0.000|0.000|0.000|0.000|0.000|1.000|0.000|0.000|1.000|0.000|0.000|0.185|0.185|0.185|0.185|0.185|
|0.000|0.000|0.000|0.000|0.000|0.000|1.000|0.000|0.000|0.000|0.000|0.185|0.185|0.185|0.185|0.185|
|0.000|0.000|0.000|0.000|0.000|1.000|0.000|0.000|0.000|0.000|0.000|0.185|0.185|0.185|0.185|0.185|
|0.000|0.000|0.000|0.000|0.000|0.000|0.000|1.000|0.000|0.000|0.000|0.185|0.185|0.185|0.185|0.185|
|0.000|0.000|0.000|0.000|0.000|0.000|0.000|0.000|0.000|1.000|0.000|0.185|0.185|0.185|0.185|0.185|
|0.000|0.000|0.000|1.000|0.000|0.000|0.000|0.000|0.000|0.000|0.000|0.185|0.185|0.185|0.185|0.185|
|0.000|1.000|0.000|0.000|0.000|1.000|0.000|0.000|0.000|0.000|0.000|0.185|0.185|0.185|0.185|0.185|
|0.000|0.000|0.000|0.000|0.000|0.000|1.000|0.000|0.000|0.000|0.000|0.185|0.185|0.185|0.185|0.185|
|0.000|0.000|0.000|0.000|0.000|0.000|0.000|0.500|0.500|0.000|0.500|0.185|0.185|0.185|0.185|0.185|
|0.000|1.000|0.000|0.000|0.000|1.000|1.000|0.500|0.185|0.185|0.185|0.185|0.185|0.185|0.185|0.185|
|0.000|0.000|0.000|0.000|0.000|0.000|0.000|0.185|0.185|0.185|0.185|0.185|0.185|0.185|0.185|0.185|
|0.000|0.000|0.000|0.000|0.000|0.000|0.000|0.185|0.185|0.185|0.185|0.185|0.185|0.185|0.185|0.185|
|0.185|0.185|0.185|0.185|0.185|0.185|0.185|0.185|0.185|0.185|0.185|0.185|0.185|0.185|0.185|0.185|
|0.185|0.185|0.185|0.185|0.185|0.185|0.185|0.185|0.185|0.185|0.185|0.185|0.185|0.185|0.185|0.185|
|0.185|0.185|0.185|0.185|0.185|0.185|0.185|0.185|0.185|0.185|0.185|0.185|0.185|0.185|0.185|0.185|
|0.185|0.185|0.185|0.185|0.185|0.185|0.185|0.185|0.185|0.185|0.185|0.185|0.185|0.185|0.185|0.185|

Moves = [(0, 7), (0, 9), (0, 10), (1, 10), (2, 10), (3, 10), (4, 10), (5, 10), (6, 10), (7, 10), (8, 9), (10, 6), (11, 0), (11, 1), (11, 2), (11, 3), (11, 4), (11, 5), (11, 6)]

-------------------------------------------------------------------------------------------------

Safe spots left: 112

Game grid:

|0|0|0|0|1| |2|2| |1|0| | | | | |
|0|0|0|0|2|3| |2|1|1|0| | | | | |
|0|0|0|0|1| |3|2|1|0|0| | | | | |
|0|0|0|0|1|1|2| |2|1|1| | | | | |
|0|0|1|1|1|0|1|1|2| |1| | | | | |
|1|1|2| |2|1|1|0|1|1|1| | | | | |
|1| |2|1|2| |2|1|0|0|0| | | | | |
|1|1|1|0|1|2| |2|1|1|1| | | | | |
|1|1|1|0|1|3|4| | |2| | | | | | |
|1| |1|0|1| | | | | | | | | | | |
|1|1|1|0|1|2|2| | | | | | | | | |
|0|0|0|1|1|2|1| | | | | | | | | |
| | | | | | | | | | | | | | | | |
| | | | | | | | | | | | | | | | |
| | | | | | | | | | | | | | | | |
| | | | | | | | | | | | | | | | |


Mine distribution:

|0.000|0.000|0.000|0.000|0.000|1.000|0.000|0.000|1.000|0.000|0.000|0.000|0.195|0.195|0.195|0.195|
|0.000|0.000|0.000|0.000|0.000|0.000|1.000|0.000|0.000|0.000|0.000|0.000|0.195|0.195|0.195|0.195|
|0.000|0.000|0.000|0.000|0.000|1.000|0.000|0.000|0.000|0.000|0.000|0.000|0.195|0.195|0.195|0.195|
|0.000|0.000|0.000|0.000|0.000|0.000|0.000|1.000|0.000|0.000|0.000|0.000|0.195|0.195|0.195|0.195|
|0.000|0.000|0.000|0.000|0.000|0.000|0.000|0.000|0.000|1.000|0.000|0.000|0.195|0.195|0.195|0.195|
|0.000|0.000|0.000|1.000|0.000|0.000|0.000|0.000|0.000|0.000|0.000|0.000|0.195|0.195|0.195|0.195|
|0.000|1.000|0.000|0.000|0.000|1.000|0.000|0.000|0.000|0.000|0.000|0.000|0.195|0.195|0.195|0.195|
|0.000|0.000|0.000|0.000|0.000|0.000|1.000|0.000|0.000|0.000|0.000|0.000|0.195|0.195|0.195|0.195|
|0.000|0.000|0.000|0.000|0.000|0.000|0.000|1.000|0.000|0.000|1.000|0.000|0.195|0.195|0.195|0.195|
|0.000|1.000|0.000|0.000|0.000|1.000|1.000|0.000|0.333|0.333|0.333|0.195|0.195|0.195|0.195|0.195|
|0.000|0.000|0.000|0.000|0.000|0.000|0.000|0.000|0.195|0.195|0.195|0.195|0.195|0.195|0.195|0.195|
|0.000|0.000|0.000|0.000|0.000|0.000|0.000|0.000|0.195|0.195|0.195|0.195|0.195|0.195|0.195|0.195|
|0.000|0.000|0.000|0.000|1.000|0.000|1.000|0.000|0.195|0.195|0.195|0.195|0.195|0.195|0.195|0.195|
|0.195|0.195|0.195|0.195|0.195|0.195|0.195|0.195|0.195|0.195|0.195|0.195|0.195|0.195|0.195|0.195|
|0.195|0.195|0.195|0.195|0.195|0.195|0.195|0.195|0.195|0.195|0.195|0.195|0.195|0.195|0.195|0.195|
|0.195|0.195|0.195|0.195|0.195|0.195|0.195|0.195|0.195|0.195|0.195|0.195|0.195|0.195|0.195|0.195|

Moves = [(0, 11), (1, 11), (2, 11), (3, 11), (4, 11), (5, 11), (6, 11), (7, 11), (8, 8), (8, 11), (9, 7), (10, 7), (11, 7), (12, 0), (12, 1), (12, 2), (12, 3), (12, 5), (12, 7)]

-------------------------------------------------------------------------------------------------

Safe spots left: 93

Game grid:

|0|0|0|0|1| |2|2| |1|0|0| | | | |
|0|0|0|0|2|3| |2|1|1|0|0| | | | |
|0|0|0|0|1| |3|2|1|0|0|0| | | | |
|0|0|0|0|1|1|2| |2|1|1|0| | | | |
|0|0|1|1|1|0|1|1|2| |1|0| | | | |
|1|1|2| |2|1|1|0|1|1|1|0| | | | |
|1| |2|1|2| |2|1|0|0|0|0| | | | |
|1|1|1|0|1|2| |2|1|1|1|1| | | | |
|1|1|1|0|1|3|4| |2|2| |1| | | | |
|1| |1|0|1| | |3| | | | | | | | |
|1|1|1|0|1|2|2|2| | | | | | | | |
|0|0|0|1|1|2|1|3| | | | | | | | |
|0|0|0|1| |2| |2| | | | | | | | |
| | | | | | | | | | | | | | | | |
| | | | | | | | | | | | | | | | |
| | | | | | | | | | | | | | | | |


Mine distribution:

|0.000|0.000|0.000|0.000|0.000|1.000|0.000|0.000|1.000|0.000|0.000|0.000|0.000|0.222|0.222|0.222|
|0.000|0.000|0.000|0.000|0.000|0.000|1.000|0.000|0.000|0.000|0.000|0.000|0.000|0.222|0.222|0.222|
|0.000|0.000|0.000|0.000|0.000|1.000|0.000|0.000|0.000|0.000|0.000|0.000|0.000|0.222|0.222|0.222|
|0.000|0.000|0.000|0.000|0.000|0.000|0.000|1.000|0.000|0.000|0.000|0.000|0.000|0.222|0.222|0.222|
|0.000|0.000|0.000|0.000|0.000|0.000|0.000|0.000|0.000|1.000|0.000|0.000|0.000|0.222|0.222|0.222|
|0.000|0.000|0.000|1.000|0.000|0.000|0.000|0.000|0.000|0.000|0.000|0.000|0.000|0.222|0.222|0.222|
|0.000|1.000|0.000|0.000|0.000|1.000|0.000|0.000|0.000|0.000|0.000|0.000|0.000|0.222|0.222|0.222|
|0.000|0.000|0.000|0.000|0.000|0.000|1.000|0.000|0.000|0.000|0.000|0.000|0.000|0.222|0.222|0.222|
|0.000|0.000|0.000|0.000|0.000|0.000|0.000|1.000|0.000|0.000|1.000|0.000|0.000|0.222|0.222|0.222|
|0.000|1.000|0.000|0.000|0.000|1.000|1.000|0.000|0.000|1.000|0.000|0.000|0.000|0.222|0.222|0.222|
|0.000|0.000|0.000|0.000|0.000|0.000|0.000|0.000|1.000|0.222|0.222|0.222|0.222|0.222|0.222|0.222|
|0.000|0.000|0.000|0.000|0.000|0.000|0.000|0.000|0.000|0.222|0.222|0.222|0.222|0.222|0.222|0.222|
|0.000|0.000|0.000|0.000|1.000|0.000|1.000|0.000|1.000|0.222|0.222|0.222|0.222|0.222|0.222|0.222|
|0.000|0.000|0.000|0.000|0.000|0.000|0.000|0.000|0.000|0.222|0.222|0.222|0.222|0.222|0.222|0.222|
|0.222|0.222|0.222|0.222|0.222|0.222|0.222|0.222|0.222|0.222|0.222|0.222|0.222|0.222|0.222|0.222|
|0.222|0.222|0.222|0.222|0.222|0.222|0.222|0.222|0.222|0.222|0.222|0.222|0.222|0.222|0.222|0.222|

Moves = [(0, 12), (1, 12), (2, 12), (3, 12), (4, 12), (5, 12), (6, 12), (7, 12), (8, 12), (9, 8), (9, 10), (9, 11), (9, 12), (11, 8), (13, 0), (13, 1), (13, 2), (13, 3), (13, 4), (13, 5), (13, 6), (13, 7), (13, 8)]

-------------------------------------------------------------------------------------------------

Safe spots left: 70

Game grid:

|0|0|0|0|1| |2|2| |1|0|0|0| | | |
|0|0|0|0|2|3| |2|1|1|0|0|1| | | |
|0|0|0|0|1| |3|2|1|0|0|0|1| | | |
|0|0|0|0|1|1|2| |2|1|1|0|1| | | |
|0|0|1|1|1|0|1|1|2| |1|0|0| | | |
|1|1|2| |2|1|1|0|1|1|1|0|1| | | |
|1| |2|1|2| |2|1|0|0|0|0|1| | | |
|1|1|1|0|1|2| |2|1|1|1|1|1| | | |
|1|1|1|0|1|3|4| |2|2| |1|1| | | |
|1| |1|0|1| | |3|3| |4|3|2| | | |
|1|1|1|0|1|2|2|2| | | | | | | | |
|0|0|0|1|1|2|1|3|2| | | | | | | |
|0|0|0|1| |2| |2| | | | | | | | |
|0|0|0|1|1|2|1|2|1| | | | | | | |
| | | | | | | | | | | | | | | | |
| | | | | | | | | | | | | | | | |


Mine distribution:

|0.000|0.000|0.000|0.000|0.000|1.000|0.000|0.000|1.000|0.000|0.000|0.000|0.000|0.000|0.242|0.242|
|0.000|0.000|0.000|0.000|0.000|0.000|1.000|0.000|0.000|0.000|0.000|0.000|0.000|0.000|0.242|0.242|
|0.000|0.000|0.000|0.000|0.000|1.000|0.000|0.000|0.000|0.000|0.000|0.000|0.000|1.000|0.242|0.242|
|0.000|0.000|0.000|0.000|0.000|0.000|0.000|1.000|0.000|0.000|0.000|0.000|0.000|0.000|0.242|0.242|
|0.000|0.000|0.000|0.000|0.000|0.000|0.000|0.000|0.000|1.000|0.000|0.000|0.000|0.000|0.242|0.242|
|0.000|0.000|0.000|1.000|0.000|0.000|0.000|0.000|0.000|0.000|0.000|0.000|0.000|0.000|0.242|0.242|
|0.000|1.000|0.000|0.000|0.000|1.000|0.000|0.000|0.000|0.000|0.000|0.000|0.000|1.000|0.242|0.242|
|0.000|0.000|0.000|0.000|0.000|0.000|1.000|0.000|0.000|0.000|0.000|0.000|0.000|0.000|0.242|0.242|
|0.000|0.000|0.000|0.000|0.000|0.000|0.000|1.000|0.000|0.000|1.000|0.000|0.000|0.000|0.242|0.242|
|0.000|1.000|0.000|0.000|0.000|1.000|1.000|0.000|0.000|1.000|0.000|0.000|0.000|1.000|0.242|0.242|
|0.000|0.000|0.000|0.000|0.000|0.000|0.000|0.000|1.000|0.000|1.000|1.000|0.000|0.000|0.242|0.242|
|0.000|0.000|0.000|0.000|0.000|0.000|0.000|0.000|0.000|0.000|0.242|0.242|0.242|0.242|0.242|0.242|
|0.000|0.000|0.000|0.000|1.000|0.000|1.000|0.000|1.000|0.000|0.242|0.242|0.242|0.242|0.242|0.242|
|0.000|0.000|0.000|0.000|0.000|0.000|0.000|0.000|0.000|0.000|0.242|0.242|0.242|0.242|0.242|0.242|
|0.000|0.000|0.000|0.000|0.000|0.000|0.000|0.000|0.000|0.000|0.242|0.242|0.242|0.242|0.242|0.242|
|0.242|0.242|0.242|0.242|0.242|0.242|0.242|0.242|0.242|0.242|0.242|0.242|0.242|0.242|0.242|0.242|

Moves = [(0, 13), (1, 13), (3, 13), (4, 13), (5, 13), (7, 13), (8, 13), (10, 9), (10, 12), (10, 13), (11, 9), (12, 9), (13, 9), (14, 0), (14, 1), (14, 2), (14, 3), (14, 4), (14, 5), (14, 6), (14, 7), (14, 8), (14, 9)]

-------------------------------------------------------------------------------------------------

Safe spots left: 47

Game grid:

|0|0|0|0|1| |2|2| |1|0|0|0|0| | |
|0|0|0|0|2|3| |2|1|1|0|0|1|1| | |
|0|0|0|0|1| |3|2|1|0|0|0|1| | | |
|0|0|0|0|1|1|2| |2|1|1|0|1|1| | |
|0|0|1|1|1|0|1|1|2| |1|0|0|0| | |
|1|1|2| |2|1|1|0|1|1|1|0|1|2| | |
|1| |2|1|2| |2|1|0|0|0|0|1| | | |
|1|1|1|0|1|2| |2|1|1|1|1|1|3| | |
|1|1|1|0|1|3|4| |2|2| |1|1|3| | |
|1| |1|0|1| | |3|3| |4|3|2| | | |
|1|1|1|0|1|2|2|2| |3| | |5|4| | |
|0|0|0|1|1|2|1|3|2|3| | | | | | |
|0|0|0|1| |2| |2| |1| | | | | | |
|0|0|0|1|1|2|1|2|1|1| | | | | | |
|0|0|0|0|1|1|1|0|0|0| | | | | | |
| | | | | | | | | | | | | | | | |


Mine distribution:

|0.000|0.000|0.000|0.000|0.000|1.000|0.000|0.000|1.000|0.000|0.000|0.000|0.000|0.000|0.000|0.250|
|0.000|0.000|0.000|0.000|0.000|0.000|1.000|0.000|0.000|0.000|0.000|0.000|0.000|0.000|0.000|0.250|
|0.000|0.000|0.000|0.000|0.000|1.000|0.000|0.000|0.000|0.000|0.000|0.000|0.000|1.000|0.000|0.250|
|0.000|0.000|0.000|0.000|0.000|0.000|0.000|1.000|0.000|0.000|0.000|0.000|0.000|0.000|0.000|0.250|
|0.000|0.000|0.000|0.000|0.000|0.000|0.000|0.000|0.000|1.000|0.000|0.000|0.000|0.000|0.000|0.250|
|0.000|0.000|0.000|1.000|0.000|0.000|0.000|0.000|0.000|0.000|0.000|0.000|0.000|0.000|0.000|0.250|
|0.000|1.000|0.000|0.000|0.000|1.000|0.000|0.000|0.000|0.000|0.000|0.000|0.000|1.000|1.000|0.250|
|0.000|0.000|0.000|0.000|0.000|0.000|1.000|0.000|0.000|0.000|0.000|0.000|0.000|0.000|0.500|0.250|
|0.000|0.000|0.000|0.000|0.000|0.000|0.000|1.000|0.000|0.000|1.000|0.000|0.000|0.000|0.500|0.250|
|0.000|1.000|0.000|0.000|0.000|1.000|1.000|0.000|0.000|1.000|0.000|0.000|0.000|1.000|1.000|0.250|
|0.000|0.000|0.000|0.000|0.000|0.000|0.000|0.000|1.000|0.000|1.000|1.000|0.000|0.000|0.000|0.250|
|0.000|0.000|0.000|0.000|0.000|0.000|0.000|0.000|0.000|0.000|0.000|1.000|1.000|1.000|0.000|0.250|
|0.000|0.000|0.000|0.000|1.000|0.000|1.000|0.000|1.000|0.000|0.000|0.250|0.250|0.250|0.250|0.250|
|0.000|0.000|0.000|0.000|0.000|0.000|0.000|0.000|0.000|0.000|0.000|0.250|0.250|0.250|0.250|0.250|
|0.000|0.000|0.000|0.000|0.000|0.000|0.000|0.000|0.000|0.000|0.000|0.250|0.250|0.250|0.250|0.250|
|0.000|0.000|0.000|0.000|0.000|1.000|0.000|0.000|0.000|0.000|0.000|0.250|0.250|0.250|0.250|0.250|

Moves = [(0, 14), (1, 14), (2, 14), (3, 14), (4, 14), (5, 14), (10, 14), (11, 10), (11, 14), (12, 10), (13, 10), (14, 10), (15, 0), (15, 1), (15, 2), (15, 3), (15, 4), (15, 6), (15, 7), (15, 8), (15, 9), (15, 10)]

-------------------------------------------------------------------------------------------------

Safe spots left: 25

Game grid:

|0|0|0|0|1| |2|2| |1|0|0|0|0|0| |
|0|0|0|0|2|3| |2|1|1|0|0|1|1|1| |
|0|0|0|0|1| |3|2|1|0|0|0|1| |2| |
|0|0|0|0|1|1|2| |2|1|1|0|1|1|2| |
|0|0|1|1|1|0|1|1|2| |1|0|0|0|1| |
|1|1|2| |2|1|1|0|1|1|1|0|1|2|3| |
|1| |2|1|2| |2|1|0|0|0|0|1| | | |
|1|1|1|0|1|2| |2|1|1|1|1|1|3| | |
|1|1|1|0|1|3|4| |2|2| |1|1|3| | |
|1| |1|0|1| | |3|3| |4|3|2| | | |
|1|1|1|0|1|2|2|2| |3| | |5|4|4| |
|0|0|0|1|1|2|1|3|2|3|3| | | |3| |
|0|0|0|1| |2| |2| |1|1| | | | | |
|0|0|0|1|1|2|1|2|1|1|1| | | | | |
|0|0|0|0|1|1|1|0|0|0|1| | | | | |
|0|0|0|0|1| |1|0|0|0|1| | | | | |


Mine distribution:

|0.000|0.000|0.000|0.000|0.000|1.000|0.000|0.000|1.000|0.000|0.000|0.000|0.000|0.000|0.000|0.000|
|0.000|0.000|0.000|0.000|0.000|0.000|1.000|0.000|0.000|0.000|0.000|0.000|0.000|0.000|0.000|0.000|
|0.000|0.000|0.000|0.000|0.000|1.000|0.000|0.000|0.000|0.000|0.000|0.000|0.000|1.000|0.000|0.000|
|0.000|0.000|0.000|0.000|0.000|0.000|0.000|1.000|0.000|0.000|0.000|0.000|0.000|0.000|0.000|1.000|
|0.000|0.000|0.000|0.000|0.000|0.000|0.000|0.000|0.000|1.000|0.000|0.000|0.000|0.000|0.000|0.000|
|0.000|0.000|0.000|1.000|0.000|0.000|0.000|0.000|0.000|0.000|0.000|0.000|0.000|0.000|0.000|0.000|
|0.000|1.000|0.000|0.000|0.000|1.000|0.000|0.000|0.000|0.000|0.000|0.000|0.000|1.000|1.000|1.000|
|0.000|0.000|0.000|0.000|0.000|0.000|1.000|0.000|0.000|0.000|0.000|0.000|0.000|0.000|0.500|0.193|
|0.000|0.000|0.000|0.000|0.000|0.000|0.000|1.000|0.000|0.000|1.000|0.000|0.000|0.000|0.500|0.193|
|0.000|1.000|0.000|0.000|0.000|1.000|1.000|0.000|0.000|1.000|0.000|0.000|0.000|1.000|1.000|0.103|
|0.000|0.000|0.000|0.000|0.000|0.000|0.000|0.000|1.000|0.000|1.000|1.000|0.000|0.000|0.000|0.448|
|0.000|0.000|0.000|0.000|0.000|0.000|0.000|0.000|0.000|0.000|0.000|1.000|1.000|1.000|0.000|0.448|
|0.000|0.000|0.000|0.000|1.000|0.000|1.000|0.000|1.000|0.000|0.000|0.000|0.193|0.368|0.368|0.368|
|0.000|0.000|0.000|0.000|0.000|0.000|0.000|0.000|0.000|0.000|0.000|0.000|0.193|0.193|0.193|0.193|
|0.000|0.000|0.000|0.000|0.000|0.000|0.000|0.000|0.000|0.000|0.000|1.000|0.193|0.193|0.193|0.193|
|0.000|0.000|0.000|0.000|0.000|1.000|0.000|0.000|0.000|0.000|0.000|0.000|0.193|0.193|0.193|0.193|

Moves = [(0, 15), (1, 15), (2, 15), (4, 15), (5, 15), (12, 11), (13, 11), (15, 11)]

-------------------------------------------------------------------------------------------------

Safe spots left: 17

Game grid:

|0|0|0|0|1| |2|2| |1|0|0|0|0|0|0|
|0|0|0|0|2|3| |2|1|1|0|0|1|1|1|0|
|0|0|0|0|1| |3|2|1|0|0|0|1| |2|1|
|0|0|0|0|1|1|2| |2|1|1|0|1|1|2| |
|0|0|1|1|1|0|1|1|2| |1|0|0|0|1|1|
|1|1|2| |2|1|1|0|1|1|1|0|1|2|3|2|
|1| |2|1|2| |2|1|0|0|0|0|1| | | |
|1|1|1|0|1|2| |2|1|1|1|1|1|3| | |
|1|1|1|0|1|3|4| |2|2| |1|1|3| | |
|1| |1|0|1| | |3|3| |4|3|2| | | |
|1|1|1|0|1|2|2|2| |3| | |5|4|4| |
|0|0|0|1|1|2|1|3|2|3|3| | | |3| |
|0|0|0|1| |2| |2| |1|1|2| | | | |
|0|0|0|1|1|2|1|2|1|1|1|2| | | | |
|0|0|0|0|1|1|1|0|0|0|1| | | | | |
|0|0|0|0|1| |1|0|0|0|1|2| | | | |


Mine distribution:

|0.000|0.000|0.000|0.000|0.000|1.000|0.000|0.000|1.000|0.000|0.000|0.000|0.000|0.000|0.000|0.000|
|0.000|0.000|0.000|0.000|0.000|0.000|1.000|0.000|0.000|0.000|0.000|0.000|0.000|0.000|0.000|0.000|
|0.000|0.000|0.000|0.000|0.000|1.000|0.000|0.000|0.000|0.000|0.000|0.000|0.000|1.000|0.000|0.000|
|0.000|0.000|0.000|0.000|0.000|0.000|0.000|1.000|0.000|0.000|0.000|0.000|0.000|0.000|0.000|1.000|
|0.000|0.000|0.000|0.000|0.000|0.000|0.000|0.000|0.000|1.000|0.000|0.000|0.000|0.000|0.000|0.000|
|0.000|0.000|0.000|1.000|0.000|0.000|0.000|0.000|0.000|0.000|0.000|0.000|0.000|0.000|0.000|0.000|
|0.000|1.000|0.000|0.000|0.000|1.000|0.000|0.000|0.000|0.000|0.000|0.000|0.000|1.000|1.000|1.000|
|0.000|0.000|0.000|0.000|0.000|0.000|1.000|0.000|0.000|0.000|0.000|0.000|0.000|0.000|0.500|0.174|
|0.000|0.000|0.000|0.000|0.000|0.000|0.000|1.000|0.000|0.000|1.000|0.000|0.000|0.000|0.500|0.174|
|0.000|1.000|0.000|0.000|0.000|1.000|1.000|0.000|0.000|1.000|0.000|0.000|0.000|1.000|1.000|0.091|
|0.000|0.000|0.000|0.000|0.000|0.000|0.000|0.000|1.000|0.000|1.000|1.000|0.000|0.000|0.000|0.455|
|0.000|0.000|0.000|0.000|0.000|0.000|0.000|0.000|0.000|0.000|0.000|1.000|1.000|1.000|0.000|0.455|
|0.000|0.000|0.000|0.000|1.000|0.000|1.000|0.000|1.000|0.000|0.000|0.000|0.000|0.364|0.364|0.364|
|0.000|0.000|0.000|0.000|0.000|0.000|0.000|0.000|0.000|0.000|0.000|0.000|0.000|0.174|0.174|0.174|
|0.000|0.000|0.000|0.000|0.000|0.000|0.000|0.000|0.000|0.000|0.000|1.000|1.000|0.174|0.174|0.174|
|0.000|0.000|0.000|0.000|0.000|1.000|0.000|0.000|0.000|0.000|0.000|0.000|0.000|0.174|0.174|0.174|

Moves = [(12, 12), (13, 12), (15, 12)]

-------------------------------------------------------------------------------------------------

Safe spots left: 14

Game grid:

|0|0|0|0|1| |2|2| |1|0|0|0|0|0|0|
|0|0|0|0|2|3| |2|1|1|0|0|1|1|1|0|
|0|0|0|0|1| |3|2|1|0|0|0|1| |2|1|
|0|0|0|0|1|1|2| |2|1|1|0|1|1|2| |
|0|0|1|1|1|0|1|1|2| |1|0|0|0|1|1|
|1|1|2| |2|1|1|0|1|1|1|0|1|2|3|2|
|1| |2|1|2| |2|1|0|0|0|0|1| | | |
|1|1|1|0|1|2| |2|1|1|1|1|1|3| | |
|1|1|1|0|1|3|4| |2|2| |1|1|3| | |
|1| |1|0|1| | |3|3| |4|3|2| | | |
|1|1|1|0|1|2|2|2| |3| | |5|4|4| |
|0|0|0|1|1|2|1|3|2|3|3| | | |3| |
|0|0|0|1| |2| |2| |1|1|2|3| | | |
|0|0|0|1|1|2|1|2|1|1|1|2|2| | | |
|0|0|0|0|1|1|1|0|0|0|1| | | | | |
|0|0|0|0|1| |1|0|0|0|1|2|2| | | |


Mine distribution:

|0.000|0.000|0.000|0.000|0.000|1.000|0.000|0.000|1.000|0.000|0.000|0.000|0.000|0.000|0.000|0.000|
|0.000|0.000|0.000|0.000|0.000|0.000|1.000|0.000|0.000|0.000|0.000|0.000|0.000|0.000|0.000|0.000|
|0.000|0.000|0.000|0.000|0.000|1.000|0.000|0.000|0.000|0.000|0.000|0.000|0.000|1.000|0.000|0.000|
|0.000|0.000|0.000|0.000|0.000|0.000|0.000|1.000|0.000|0.000|0.000|0.000|0.000|0.000|0.000|1.000|
|0.000|0.000|0.000|0.000|0.000|0.000|0.000|0.000|0.000|1.000|0.000|0.000|0.000|0.000|0.000|0.000|
|0.000|0.000|0.000|1.000|0.000|0.000|0.000|0.000|0.000|0.000|0.000|0.000|0.000|0.000|0.000|0.000|
|0.000|1.000|0.000|0.000|0.000|1.000|0.000|0.000|0.000|0.000|0.000|0.000|0.000|1.000|1.000|1.000|
|0.000|0.000|0.000|0.000|0.000|0.000|1.000|0.000|0.000|0.000|0.000|0.000|0.000|0.000|0.500|0.242|
|0.000|0.000|0.000|0.000|0.000|0.000|0.000|1.000|0.000|0.000|1.000|0.000|0.000|0.000|0.500|0.242|
|0.000|1.000|0.000|0.000|0.000|1.000|1.000|0.000|0.000|1.000|0.000|0.000|0.000|1.000|1.000|0.067|
|0.000|0.000|0.000|0.000|0.000|0.000|0.000|0.000|1.000|0.000|1.000|1.000|0.000|0.000|0.000|0.467|
|0.000|0.000|0.000|0.000|0.000|0.000|0.000|0.000|0.000|0.000|0.000|1.000|1.000|1.000|0.000|0.467|
|0.000|0.000|0.000|0.000|1.000|0.000|1.000|0.000|1.000|0.000|0.000|0.000|0.000|0.000|0.533|0.533|
|0.000|0.000|0.000|0.000|0.000|0.000|0.000|0.000|0.000|0.000|0.000|0.000|0.000|0.000|0.242|0.242|
|0.000|0.000|0.000|0.000|0.000|0.000|0.000|0.000|0.000|0.000|0.000|1.000|1.000|0.000|0.242|0.242|
|0.000|0.000|0.000|0.000|0.000|1.000|0.000|0.000|0.000|0.000|0.000|0.000|0.000|0.000|0.242|0.242|

Moves = [(12, 13), (13, 13), (14, 13), (15, 13)]

-------------------------------------------------------------------------------------------------

Safe spots left: 10

Game grid:

|0|0|0|0|1| |2|2| |1|0|0|0|0|0|0|
|0|0|0|0|2|3| |2|1|1|0|0|1|1|1|0|
|0|0|0|0|1| |3|2|1|0|0|0|1| |2|1|
|0|0|0|0|1|1|2| |2|1|1|0|1|1|2| |
|0|0|1|1|1|0|1|1|2| |1|0|0|0|1|1|
|1|1|2| |2|1|1|0|1|1|1|0|1|2|3|2|
|1| |2|1|2| |2|1|0|0|0|0|1| | | |
|1|1|1|0|1|2| |2|1|1|1|1|1|3| | |
|1|1|1|0|1|3|4| |2|2| |1|1|3| | |
|1| |1|0|1| | |3|3| |4|3|2| | | |
|1|1|1|0|1|2|2|2| |3| | |5|4|4| |
|0|0|0|1|1|2|1|3|2|3|3| | | |3| |
|0|0|0|1| |2| |2| |1|1|2|3|3| | |
|0|0|0|1|1|2|1|2|1|1|1|2|2|2| | |
|0|0|0|0|1|1|1|0|0|0|1| | |2| | |
|0|0|0|0|1| |1|0|0|0|1|2|2|1| | |


Mine distribution:

|0.000|0.000|0.000|0.000|0.000|1.000|0.000|0.000|1.000|0.000|0.000|0.000|0.000|0.000|0.000|0.000|
|0.000|0.000|0.000|0.000|0.000|0.000|1.000|0.000|0.000|0.000|0.000|0.000|0.000|0.000|0.000|0.000|
|0.000|0.000|0.000|0.000|0.000|1.000|0.000|0.000|0.000|0.000|0.000|0.000|0.000|1.000|0.000|0.000|
|0.000|0.000|0.000|0.000|0.000|0.000|0.000|1.000|0.000|0.000|0.000|0.000|0.000|0.000|0.000|1.000|
|0.000|0.000|0.000|0.000|0.000|0.000|0.000|0.000|0.000|1.000|0.000|0.000|0.000|0.000|0.000|0.000|
|0.000|0.000|0.000|1.000|0.000|0.000|0.000|0.000|0.000|0.000|0.000|0.000|0.000|0.000|0.000|0.000|
|0.000|1.000|0.000|0.000|0.000|1.000|0.000|0.000|0.000|0.000|0.000|0.000|0.000|1.000|1.000|1.000|
|0.000|0.000|0.000|0.000|0.000|0.000|1.000|0.000|0.000|0.000|0.000|0.000|0.000|0.000|0.500|0.200|
|0.000|0.000|0.000|0.000|0.000|0.000|0.000|1.000|0.000|0.000|1.000|0.000|0.000|0.000|0.500|0.200|
|0.000|1.000|0.000|0.000|0.000|1.000|1.000|0.000|0.000|1.000|0.000|0.000|0.000|1.000|1.000|0.000|
|0.000|0.000|0.000|0.000|0.000|0.000|0.000|0.000|1.000|0.000|1.000|1.000|0.000|0.000|0.000|0.500|
|0.000|0.000|0.000|0.000|0.000|0.000|0.000|0.000|0.000|0.000|0.000|1.000|1.000|1.000|0.000|0.500|
|0.000|0.000|0.000|0.000|1.000|0.000|1.000|0.000|1.000|0.000|0.000|0.000|0.000|0.000|0.000|1.000|
|0.000|0.000|0.000|0.000|0.000|0.000|0.000|0.000|0.000|0.000|0.000|0.000|0.000|0.000|1.000|0.200|
|0.000|0.000|0.000|0.000|0.000|0.000|0.000|0.000|0.000|0.000|0.000|1.000|1.000|0.000|0.000|0.200|
|0.000|0.000|0.000|0.000|0.000|1.000|0.000|0.000|0.000|0.000|0.000|0.000|0.000|0.000|0.000|0.200|

Moves = [(9, 15), (12, 14), (14, 14), (15, 14)]

-------------------------------------------------------------------------------------------------

Safe spots left: 6

Game grid:

|0|0|0|0|1| |2|2| |1|0|0|0|0|0|0|
|0|0|0|0|2|3| |2|1|1|0|0|1|1|1|0|
|0|0|0|0|1| |3|2|1|0|0|0|1| |2|1|
|0|0|0|0|1|1|2| |2|1|1|0|1|1|2| |
|0|0|1|1|1|0|1|1|2| |1|0|0|0|1|1|
|1|1|2| |2|1|1|0|1|1|1|0|1|2|3|2|
|1| |2|1|2| |2|1|0|0|0|0|1| | | |
|1|1|1|0|1|2| |2|1|1|1|1|1|3| | |
|1|1|1|0|1|3|4| |2|2| |1|1|3| | |
|1| |1|0|1| | |3|3| |4|3|2| | |1|
|1|1|1|0|1|2|2|2| |3| | |5|4|4| |
|0|0|0|1|1|2|1|3|2|3|3| | | |3| |
|0|0|0|1| |2| |2| |1|1|2|3|3|4| |
|0|0|0|1|1|2|1|2|1|1|1|2|2|2| | |
|0|0|0|0|1|1|1|0|0|0|1| | |2|2| |
|0|0|0|0|1| |1|0|0|0|1|2|2|1|1| |


Mine distribution:

|0.000|0.000|0.000|0.000|0.000|1.000|0.000|0.000|1.000|0.000|0.000|0.000|0.000|0.000|0.000|0.000|
|0.000|0.000|0.000|0.000|0.000|0.000|1.000|0.000|0.000|0.000|0.000|0.000|0.000|0.000|0.000|0.000|
|0.000|0.000|0.000|0.000|0.000|1.000|0.000|0.000|0.000|0.000|0.000|0.000|0.000|1.000|0.000|0.000|
|0.000|0.000|0.000|0.000|0.000|0.000|0.000|1.000|0.000|0.000|0.000|0.000|0.000|0.000|0.000|1.000|
|0.000|0.000|0.000|0.000|0.000|0.000|0.000|0.000|0.000|1.000|0.000|0.000|0.000|0.000|0.000|0.000|
|0.000|0.000|0.000|1.000|0.000|0.000|0.000|0.000|0.000|0.000|0.000|0.000|0.000|0.000|0.000|0.000|
|0.000|1.000|0.000|0.000|0.000|1.000|0.000|0.000|0.000|0.000|0.000|0.000|0.000|1.000|1.000|1.000|
|0.000|0.000|0.000|0.000|0.000|0.000|1.000|0.000|0.000|0.000|0.000|0.000|0.000|0.000|1.000|0.000|
|0.000|0.000|0.000|0.000|0.000|0.000|0.000|1.000|0.000|0.000|1.000|0.000|0.000|0.000|0.000|0.000|
|0.000|1.000|0.000|0.000|0.000|1.000|1.000|0.000|0.000|1.000|0.000|0.000|0.000|1.000|1.000|0.000|
|0.000|0.000|0.000|0.000|0.000|0.000|0.000|0.000|1.000|0.000|1.000|1.000|0.000|0.000|0.000|0.000|
|0.000|0.000|0.000|0.000|0.000|0.000|0.000|0.000|0.000|0.000|0.000|1.000|1.000|1.000|0.000|1.000|
|0.000|0.000|0.000|0.000|1.000|0.000|1.000|0.000|1.000|0.000|0.000|0.000|0.000|0.000|0.000|1.000|
|0.000|0.000|0.000|0.000|0.000|0.000|0.000|0.000|0.000|0.000|0.000|0.000|0.000|0.000|1.000|0.000|
|0.000|0.000|0.000|0.000|0.000|0.000|0.000|0.000|0.000|0.000|0.000|1.000|1.000|0.000|0.000|0.500|
|0.000|0.000|0.000|0.000|0.000|1.000|0.000|0.000|0.000|0.000|0.000|0.000|0.000|0.000|0.000|0.500|

Moves = [(7, 15), (8, 14), (8, 15), (10, 15), (13, 15)]

-------------------------------------------------------------------------------------------------

Safe spots left: 1

Game grid:

|0|0|0|0|1| |2|2| |1|0|0|0|0|0|0|
|0|0|0|0|2|3| |2|1|1|0|0|1|1|1|0|
|0|0|0|0|1| |3|2|1|0|0|0|1| |2|1|
|0|0|0|0|1|1|2| |2|1|1|0|1|1|2| |
|0|0|1|1|1|0|1|1|2| |1|0|0|0|1|1|
|1|1|2| |2|1|1|0|1|1|1|0|1|2|3|2|
|1| |2|1|2| |2|1|0|0|0|0|1| | | |
|1|1|1|0|1|2| |2|1|1|1|1|1|3| |3|
|1|1|1|0|1|3|4| |2|2| |1|1|3|3|2|
|1| |1|0|1| | |3|3| |4|3|2| | |1|
|1|1|1|0|1|2|2|2| |3| | |5|4|4|2|
|0|0|0|1|1|2|1|3|2|3|3| | | |3| |
|0|0|0|1| |2| |2| |1|1|2|3|3|4| |
|0|0|0|1|1|2|1|2|1|1|1|2|2|2| |2|
|0|0|0|0|1|1|1|0|0|0|1| | |2|2| |
|0|0|0|0|1| |1|0|0|0|1|2|2|1|1| |


Mine distribution:

|0.000|0.000|0.000|0.000|0.000|1.000|0.000|0.000|1.000|0.000|0.000|0.000|0.000|0.000|0.000|0.000|
|0.000|0.000|0.000|0.000|0.000|0.000|1.000|0.000|0.000|0.000|0.000|0.000|0.000|0.000|0.000|0.000|
|0.000|0.000|0.000|0.000|0.000|1.000|0.000|0.000|0.000|0.000|0.000|0.000|0.000|1.000|0.000|0.000|
|0.000|0.000|0.000|0.000|0.000|0.000|0.000|1.000|0.000|0.000|0.000|0.000|0.000|0.000|0.000|1.000|
|0.000|0.000|0.000|0.000|0.000|0.000|0.000|0.000|0.000|1.000|0.000|0.000|0.000|0.000|0.000|0.000|
|0.000|0.000|0.000|1.000|0.000|0.000|0.000|0.000|0.000|0.000|0.000|0.000|0.000|0.000|0.000|0.000|
|0.000|1.000|0.000|0.000|0.000|1.000|0.000|0.000|0.000|0.000|0.000|0.000|0.000|1.000|1.000|1.000|
|0.000|0.000|0.000|0.000|0.000|0.000|1.000|0.000|0.000|0.000|0.000|0.000|0.000|0.000|1.000|0.000|
|0.000|0.000|0.000|0.000|0.000|0.000|0.000|1.000|0.000|0.000|1.000|0.000|0.000|0.000|0.000|0.000|
|0.000|1.000|0.000|0.000|0.000|1.000|1.000|0.000|0.000|1.000|0.000|0.000|0.000|1.000|1.000|0.000|
|0.000|0.000|0.000|0.000|0.000|0.000|0.000|0.000|1.000|0.000|1.000|1.000|0.000|0.000|0.000|0.000|
|0.000|0.000|0.000|0.000|0.000|0.000|0.000|0.000|0.000|0.000|0.000|1.000|1.000|1.000|0.000|1.000|
|0.000|0.000|0.000|0.000|1.000|0.000|1.000|0.000|1.000|0.000|0.000|0.000|0.000|0.000|0.000|1.000|
|0.000|0.000|0.000|0.000|0.000|0.000|0.000|0.000|0.000|0.000|0.000|0.000|0.000|0.000|1.000|0.000|
|0.000|0.000|0.000|0.000|0.000|0.000|0.000|0.000|0.000|0.000|0.000|1.000|1.000|0.000|0.000|0.000|
|0.000|0.000|0.000|0.000|0.000|1.000|0.000|0.000|0.000|0.000|0.000|0.000|0.000|0.000|0.000|1.000|

Moves = [(14, 15)]

-------------------------------------------------------------------------------------------------

Final game grid:

|0|0|0|0|1| |2|2| |1|0|0|0|0|0|0|
|0|0|0|0|2|3| |2|1|1|0|0|1|1|1|0|
|0|0|0|0|1| |3|2|1|0|0|0|1| |2|1|
|0|0|0|0|1|1|2| |2|1|1|0|1|1|2| |
|0|0|1|1|1|0|1|1|2| |1|0|0|0|1|1|
|1|1|2| |2|1|1|0|1|1|1|0|1|2|3|2|
|1| |2|1|2| |2|1|0|0|0|0|1| | | |
|1|1|1|0|1|2| |2|1|1|1|1|1|3| |3|
|1|1|1|0|1|3|4| |2|2| |1|1|3|3|2|
|1| |1|0|1| | |3|3| |4|3|2| | |1|
|1|1|1|0|1|2|2|2| |3| | |5|4|4|2|
|0|0|0|1|1|2|1|3|2|3|3| | | |3| |
|0|0|0|1| |2| |2| |1|1|2|3|3|4| |
|0|0|0|1|1|2|1|2|1|1|1|2|2|2| |2|
|0|0|0|0|1|1|1|0|0|0|1| | |2|2|2|
|0|0|0|0|1| |1|0|0|0|1|2|2|1|1| |

AI WINS!

-------------------------------------------------------------------------------------------------


AI won 1/1 games.
